0	0.22496702018760778	-0.9625495494954885	-1.2497361105748306	-0.7524978478198142	-2.0004245177631717	-2.1290072000038425	-0.19403322422278635	-0.436982230908888	-1.6557054919613252	1.458470311521952	1.6286895596101478	-0.4510802247264244	0.6033829666321872	1.3075981976433435	1.2045999280835793	1.8432694687309916	-0.49915701339670315	0.12878435994994442	1.752236520493866	-1.0098969277708962	-1.0732826811603595	-0.31462174519205566	-0.7160908089286194	-0.14173233890581838	1.530939779954587	-0.7320281833390154	-1.4315183001764136	-2.5769116600779434	2.4544810957629632	0.9309640239599705	1.6076419214480115	1.0923417419739172	-0.17454731626525546	2.165490611578159	-0.6740637344724419	-0.7328807519756766	1.133606595996149	-1.0799460276022543	-2.682177490608437
0.22496702018760778	0	-1.4914025708091012	-0.2593664122849694	1.5119774919773354	-0.43517707001910466	-0.3777964653807925	1.1096970604988137	-1.0947367756480508	0.7420312812722965	-0.08980357190326016	-0.2684467849826608	-0.5983656679289749	2.2693114148677127	-1.570939933659628	-0.8532164065180416	0.17317141052423599	-0.43502887035519733	1.6871969188848392	0.048828502626213216	0.672977016344267	0.18706943494344963	0.6677971420690607	-3.256012692632741	3.306223138602558	2.4149636252740128	-0.20201333964938817	0.5264201965714196	2.7064197060622566	-0.3225187959183903	-1.8842906885614719	0.7646451226660816	-0.010042935876478865	2.7700239044164743	1.8841791387687876	-0.5152674435631516	1.1435014425354781	-1.019951448707477	0.17645643072777983	0.42929365122080515
-0.9625495494954885	-1.4914025708091012	0	0.6292019732362298	-1.0025703534359403	-0.8351841810355926	-0.23223702376585503	-0.9809792347172732	2.3002247579986235	-1.8424829480576135	-0.4779833976980005	-2.481862705001025	-2.345438959208355	0.6868934865983725	-3.263381481642597	0.2128472584378779	-1.6843066598994954	-1.6801622430612086	-1.3137791116178126	0.046690786945689566	1.0444438310621733	-3.005915176187347	-1.6014259890952043	-2.6271539950171725	-0.16742968504879796	-0.30809178068214227	0.9564318869938532	2.806706805415088	0.30771070292067304	-0.7792810253262072	-0.9332820283716123	-0.46915170099049075	2.2266059453426226	2.9599734859231397	-1.373053509632362	1.2619583146140627	1.2081644639285043	0.37455324263376233	0.39526806323704045	-1.278163728009122
-1.2497361105748306	-0.2593664122849694	0.6292019732362298	0	0.6688001689725547	1.0062042721488036	0.17844459193390685	0.8381314579687363	1.620696070341843	0.7555273317760917	-1.7219158154933798	1.1696853442893378	-0.16279499136713632	-0.375222862103043	0.5096818056013432	-0.5727744956900439	-0.6506882314775817	-0.7551855235292603	-0.08372918734748022	-0.26810097794546506	-2.372695492219172	2.183629576429904	-1.0065021537716925	1.3398839245155694	0.3487296813600655	-0.42342703507687107	-0.28177354508506625	-0.4247846834768041	0.5217867070488604	1.9258065524695402	0.9515591060936626	1.0959317603720293	0.6559404107243824	1.6703884917064715	0.7252632222457817	2.3876074693806184	-2.144037287787379	-1.199313125900626	0.047214729375253395	-2.500725626612354
-0.7524978478198142	1.5119774919773354	-1.0025703534359403	0.6688001689725547	0	2.8967914043281393	0.743028455143697	0.0971395537999119	2.1669672424757587	-0.012650353580592327	-0.8220602339708898	1.3973826097294515	-0.7180883757192009	-1.0731895705550731	0.04357080697015908	-1.5504227497403793	-0.4301520116957335	0.13925845416591864	-0.3590380742693714	-1.4408353586126323	-1.612909271163725	3.238568076051542	-0.6044839048219128	-1.0899609061224287	2.530624295886464	0.8384020201026035	-2.186088862250305	-0.021886827256211827	1.357911112266335	-2.0755194466320104	-1.7675339153483764	-0.28378218806719624	-1.8006300504786772	2.4124537664441132	0.8466243443361224	0.5037777842952522	-2.4558536397094937	0.14056792018557296	-1.3340067831963547	0.019659594667359226
-2.0004245177631717	-0.43517707001910466	-0.8351841810355926	1.0062042721488036	2.8967914043281393	0	-0.10805540491459614	1.6843953544126162	-1.387815072379123	-0.5979293623172105	0.08607409389610776	-1.344461065391454	-1.7737195208353798	-0.03198454815957112	1.5505656677861817	0.5732061910732216	-0.3166028698512078	-0.7353972197968062	1.479839869440243	-2.7678490533915867	-0.514134466294881	3.4503373757959945	-0.46465304755130143	-1.8950134295083694	-0.20138429365595373	-0.9365340521968335	0.12772841182091133	-1.8830439907661831	-1.335043782359119	0.28627095270666425	-1.6165134698739214	-0.06362286732775019	3.286085026103615	2.8739674204476264	0.8324951440769561	-0.8722729859069829	0.3090003160252125	-2.024717448077822	2.3420595078973543	-0.7604841615269551
-2.1290072000038425	-0.3777964653807925	-0.23223702376585503	0.17844459193390685	0.743028455143697	-0.10805540491459614	0	1.4747447687416422	2.122915047193594	1.7839527557009658	0.6099989818335841	-0.8250900417601091	-0.15043468385573283	0.0158631191957104	0.7237374717579189	1.7962459732516183	-1.1389987773039245	1.037277091157247	1.5989645104179513	1.7545810985663484	1.7398762856675378	0.967527053827781	-0.5818432823592553	1.7189836908012115	-0.2867540991295924	-0.617925004202901	-1.2411188453282547	2.111349672206177	-1.014322845337591	1.160108874214154	0.8868304217579042	-1.7099010030707713	-1.058040072780774	-0.31555693126114687	-0.7397932998253696	-0.10846592266485611	-1.2056991160284745	-1.2628535676905033	-0.8695560458737683	0.7888267107146719
-0.19403322422278635	1.1096970604988137	-0.9809792347172732	0.8381314579687363	0.0971395537999119	1.6843953544126162	1.4747447687416422	0	-1.1244366159263195	-0.5715155850753859	-2.574210074760746	-0.27553750665754084	0.6695934735464852	-0.5548555851624688	1.4621127334361297	0.04375740792840896	-2.1841820437304547	-0.37086777925057535	1.5233144145272752	-2.2956887680609475	2.6091735662325672	-0.29031009014770354	-0.45489205832148316	2.1800401885373812	2.0476940127332295	0.19766345348362882	-0.1074810991771058	0.30021919531183605	-0.30447922005738337	1.4279881688607614	-0.9601089585586173	-0.7670202497080782	0.4617702337629692	-0.009638272745354448	-0.05076633060485361	-2.4863494703141598	0.24217705488305916	-0.005951774394100662	0.26046682180781666	2.1283266771291656
-0.436982230908888	-1.0947367756480508	2.3002247579986235	1.620696070341843	2.1669672424757587	-1.387815072379123	2.122915047193594	-1.1244366159263195	0	1.5818436944740055	0.20560012307291442	-3.2787768641515793	-0.1835115826794748	-0.11009107496192949	0.33694499192554084	-0.765434885217154	2.1858915321136143	-2.590750910650171	0.40642076380852754	2.6836056004928657	-0.23811571309903345	-0.1257183895984274	0.5092291684171132	0.9674665902834148	-1.492438735121502	-0.2678579829787635	-2.677544525788517	1.6988927063201194	-0.9126337515705469	0.7724002327367674	-0.0029820277336951584	0.06729044348212243	-0.5743774210954022	-2.179789006776903	-1.6271857153156168	0.9487050343993376	1.598344033039092	-1.1271741968281122	0.9489291926542822	3.029297856199815
-1.6557054919613252	0.7420312812722965	-1.8424829480576135	0.7555273317760917	-0.012650353580592327	-0.5979293623172105	1.7839527557009658	-0.5715155850753859	1.5818436944740055	0	-0.36854162380299965	0.0010753686216362635	0.06072569977552694	1.378560041956404	-2.186923648744912	-0.8954035675201771	0.8903097272450774	3.2685534362834803	0.9998550275235982	3.0967901736648784	1.417918381168296	0.19718430117978492	0.12093352712056826	-0.09461335053249353	-0.5225689731158331	0.35589363223116843	0.43100081523216677	1.609575226798631	-0.09176904030295852	0.5202287473098657	1.6803890337637029	-1.0345287618270658	-0.5794711929102611	0.3381505863684134	0.14751159556570181	0.2511762207574217	-1.5159585618910743	0.8207823402715023	-0.9410614436734008	-0.6244068222946777
1.458470311521952	-0.08980357190326016	-0.4779833976980005	-1.7219158154933798	-0.8220602339708898	0.08607409389610776	0.6099989818335841	-2.574210074760746	0.20560012307291442	-0.36854162380299965	0	-1.5102088604537371	-2.886360152163457	0.26334382384539523	1.7169491629086684	-0.5957418771526307	-0.7600628374451961	0.5406684776100036	0.6960121290996155	0.7866753900003765	-0.5566198784423599	2.4098128121504763	1.7871053687414262	0.23489953187472423	-0.9892088197792188	-0.013014019274047162	1.7232026015362978	2.4992221525931138	1.75269984434247	-0.7435688176302225	-0.46992206866864294	0.4006491351428029	0.42798749891589283	0.03663394730545778	0.9795990646723816	2.8872629802073915	-0.8272726722918473	2.9540985266262183	0.4641134538227266	-0.21130983479723087
1.6286895596101478	-0.2684467849826608	-2.481862705001025	1.1696853442893378	1.3973826097294515	-1.344461065391454	-0.8250900417601091	-0.27553750665754084	-3.2787768641515793	0.0010753686216362635	-1.5102088604537371	0	0.8502705144790426	1.1708135754106173	2.3085532366173043	1.912415901433492	0.3585493780271948	0.8074015159424932	2.6106281127856485	-1.6511335294179703	1.435215590739717	2.4817937324406993	0.9328087713192764	-0.2716500477637218	-0.27309338738114897	0.6280711902654521	-1.2269244400739387	-1.6308334199140422	0.018482850298727094	-2.551812530434443	-0.14114366948058832	0.7936228337573819	1.0230823536445852	-0.6996976511176446	0.5735419034062995	0.8869174203190229	2.272749297729257	0.3713353123369365	-0.659988780168608	-2.0821708404983132
-0.4510802247264244	-0.5983656679289749	-2.345438959208355	-0.16279499136713632	-0.7180883757192009	-1.7737195208353798	-0.15043468385573283	0.6695934735464852	-0.1835115826794748	0.06072569977552694	-2.886360152163457	0.8502705144790426	0	2.0564822659478885	-0.5507717087053053	-0.4062457134065069	0.9954256109414974	0.028877429810966804	1.7384686691290745	-3.0155636746447794	0.19373591263794138	0.45148548821591095	0.4271745551927957	0.5289503633775399	-0.5620346602017822	0.4071827164048556	-1.4962611137109523	1.1840374419263888	-1.4998765839544126	-2.24573173108168	1.5952982836109837	-0.22424028707547136	1.831855775133328	-2.0075979531791295	3.6139870963537293	0.035022665176223544	1.8733150512029801	-0.20457534232243757	-1.481489403789993	2.0472784073133634
0.6033829666321872	2.2693114148677127	0.6868934865983725	-0.375222862103043	-1.0731895705550731	-0.03198454815957112	0.0158631191957104	-0.5548555851624688	-0.11009107496192949	1.378560041956404	0.26334382384539523	1.1708135754106173	2.0564822659478885	0	-2.125659748736589	1.7641641790076321	-0.4587520467749263	0.6554936806946029	-0.317600876046178	0.7913718088239079	-1.9211171785633911	1.400362873129052	0.21685678003688408	0.4053067016552224	1.9842713649771417	1.1560925105710487	0.2588009069748734	3.1177650309544847	1.7408091622834014	1.799449584033977	0.07269663311821889	0.5575915709976893	-1.7045260734003547	2.3612097931979297	1.1785623909941172	1.5561902313783131	1.501602754091558	-0.05046308729817927	1.1384350375326608	-2.306782070148511
1.3075981976433435	-1.570939933659628	-3.263381481642597	0.5096818056013432	0.04357080697015908	1.5505656677861817	0.7237374717579189	1.4621127334361297	0.33694499192554084	-2.186923648744912	1.7169491629086684	2.3085532366173043	-0.5507717087053053	-2.125659748736589	0	-2.2547611663270795	0.0043091565483333975	2.3232775958194325	0.5803623327070107	-1.842704044600319	1.483479254127432	-2.4489539506513167	-0.27979381711094775	0.49277082573458053	-1.6437000366000687	-3.146504039141785	0.28526215758314233	1.400819466609016	-0.9754296479909921	0.3842148205966124	0.021476831660111412	-1.5482016384805513	-1.1852772133703104	1.5543620419025839	-2.283186412250784	-3.178469968235379	1.2167488217013886	1.0630553127194444	1.8389369803306908	0.9746504364194866
1.2045999280835793	-0.8532164065180416	0.2128472584378779	-0.5727744956900439	-1.5504227497403793	0.5732061910732216	1.7962459732516183	0.04375740792840896	-0.765434885217154	-0.8954035675201771	-0.5957418771526307	1.912415901433492	-0.4062457134065069	1.7641641790076321	-2.2547611663270795	0	0.31399472159151504	3.2913455364369764	-0.44192090088950153	1.0953433188511839	1.5886994096288558	-0.34170552938094845	-1.496551162388473	-0.3658430277354419	2.0059533395803006	1.4928565548262507	-1.5314067335257775	0.4931546395474381	1.199821727615113	-1.310464994151406	0.9499729935364607	2.055195485594578	-0.5912516202593963	-0.6315052481292731	-0.5612130360126771	-3.366968414749311	1.4947557251406396	0.09079332965622679	1.3918681491443827	-0.2557150788256943
1.8432694687309916	0.17317141052423599	-1.6843066598994954	-0.6506882314775817	-0.4301520116957335	-0.3166028698512078	-1.1389987773039245	-2.1841820437304547	2.1858915321136143	0.8903097272450774	-0.7600628374451961	0.3585493780271948	0.9954256109414974	-0.4587520467749263	0.0043091565483333975	0.31399472159151504	0	-1.8645105925698124	1.3420550867338694	3.836847921634461	-0.5496905935941231	-2.4357746904114164	-1.7379255462944956	-0.29025935339177766	0.39763923893103104	-2.5129470341276647	-2.5110427516581884	-3.319352853514653	-1.233748691948359	1.342174406844827	-0.46133884313773754	-0.8865911183863415	3.475031152780673	1.653181805325881	0.9456813865095518	-1.0039976999966376	-0.9085516408142749	-0.8994949840133224	-1.613301267474425	0.0803580651646778
-0.49915701339670315	-0.43502887035519733	-1.6801622430612086	-0.7551855235292603	0.13925845416591864	-0.7353972197968062	1.037277091157247	-0.37086777925057535	-2.590750910650171	3.2685534362834803	0.5406684776100036	0.8074015159424932	0.028877429810966804	0.6554936806946029	2.3232775958194325	3.2913455364369764	-1.8645105925698124	0	0.12557055436421583	-0.08159463655897314	0.3429175319100935	2.0753976690316853	-0.8409755585395521	1.1768348837258742	-1.8520521198980382	-0.4642566048530153	-1.066367369926642	1.327008089007259	-1.9569690459579157	-2.836418006957745	0.5594911465615263	-0.5906027532613549	0.35220640353997673	-1.3006813778921944	-3.7339995946113627	1.3630896620564874	-0.22944657543646763	-1.7590008355363007	2.0124720905026536	0.011493110529133377
0.12878435994994442	1.6871969188848392	-1.3137791116178126	-0.08372918734748022	-0.3590380742693714	1.479839869440243	1.5989645104179513	1.5233144145272752	0.40642076380852754	0.9998550275235982	0.6960121290996155	2.6106281127856485	1.7384686691290745	-0.317600876046178	0.5803623327070107	-0.44192090088950153	1.3420550867338694	0.12557055436421583	0	-0.4408755142365606	-0.45927290293062883	1.0858751898247083	0.8992096507077056	-1.0747056501872292	0.14729066120015355	0.3088560442812054	0.6587011981578484	0.17566315871133098	-1.1701611964837864	0.8072251594226848	-1.1968969459333985	0.8617132379481088	-0.3692536594466519	0.015958922566378098	0.2767298141377771	0.8327957123257632	1.8858284691358183	0.1665807144964238	0.6373040818674138	-0.4208589647037715
1.752236520493866	0.048828502626213216	0.046690786945689566	-0.26810097794546506	-1.4408353586126323	-2.7678490533915867	1.7545810985663484	-2.2956887680609475	2.6836056004928657	3.0967901736648784	0.7866753900003765	-1.6511335294179703	-3.0155636746447794	0.7913718088239079	-1.842704044600319	1.0953433188511839	3.836847921634461	-0.08159463655897314	-0.4408755142365606	0	2.783977961930457	0.0900807859688213	-0.6717740624183076	3.228808319127233	-1.4738342919365515	0.9142648855721981	1.8754219918250974	-0.34924858902173594	0.10952434066459238	1.0519858619801008	0.1087660626890962	-0.7130501327593319	-1.6889124830950732	-1.1250814284267177	-1.7660652935276606	0.04856900639186512	1.325179930616903	-0.8046084606528274	0.5254546418073633	1.7536299893258689
-1.0098969277708962	0.672977016344267	1.0444438310621733	-2.372695492219172	-1.612909271163725	-0.514134466294881	1.7398762856675378	2.6091735662325672	-0.23811571309903345	1.417918381168296	-0.5566198784423599	1.435215590739717	0.19373591263794138	-1.9211171785633911	1.483479254127432	1.5886994096288558	-0.5496905935941231	0.3429175319100935	-0.45927290293062883	2.783977961930457	0	1.0094342385533834	2.3442898046033633	2.6237094989272762	1.6098924996138644	1.4112937594051291	-1.7981259918904362	1.2981896648003834	0.0622249686410247	-1.2275112642065782	-0.7711430960546357	-2.3624999775153723	-0.818119887214765	-0.8275600551030087	-3.967346792993173	-1.5873607034728305	-2.687583438874402	2.132707662231247	-1.2432417618204128	-1.2776996198190698
-1.0732826811603595	0.18706943494344963	-3.005915176187347	2.183629576429904	3.238568076051542	3.4503373757959945	0.967527053827781	-0.29031009014770354	-0.1257183895984274	0.19718430117978492	2.4098128121504763	2.4817937324406993	0.45148548821591095	1.400362873129052	-2.4489539506513167	-0.34170552938094845	-2.4357746904114164	2.0753976690316853	1.0858751898247083	0.0900807859688213	1.0094342385533834	0	-1.2393210550111857	-0.12875880613053026	-1.7081712830026898	1.0858564334017538	1.7833553876129355	0.5872997302887802	1.6268495141597494	1.2749132938378294	1.5870856544346559	1.1623156631794482	-0.7790640691358816	0.18377888646145157	2.2246435743493675	0.7385986237864035	0.7456384535215451	0.8750373285447	2.239465931793928	1.4227142353046145
-0.31462174519205566	0.6677971420690607	-1.6014259890952043	-1.0065021537716925	-0.6044839048219128	-0.46465304755130143	-0.5818432823592553	-0.45489205832148316	0.5092291684171132	0.12093352712056826	1.7871053687414262	0.9328087713192764	0.4271745551927957	0.21685678003688408	-0.27979381711094775	-1.496551162388473	-1.7379255462944956	-0.8409755585395521	0.8992096507077056	-0.6717740624183076	2.3442898046033633	-1.2393210550111857	0	0.31983276880307443	-1.6172805347765693	2.052013554538456	1.3946721563547837	1.076055683390309	1.5577179690514753	1.1223310405576	0.06784933201713572	-0.4366636704055754	-0.09164859129881509	0.420379694336055	0.8585477232215182	1.143296003875037	1.0964680181565993	1.24391771960056	3.0716317968396076	-1.3273319143823248
-0.7160908089286194	-3.256012692632741	-2.6271539950171725	1.3398839245155694	-1.0899609061224287	-1.8950134295083694	1.7189836908012115	2.1800401885373812	0.9674665902834148	-0.09461335053249353	0.23489953187472423	-0.2716500477637218	0.5289503633775399	0.4053067016552224	0.49277082573458053	-0.3658430277354419	-0.29025935339177766	1.1768348837258742	-1.0747056501872292	3.228808319127233	2.6237094989272762	-0.12875880613053026	0.31983276880307443	0	0.7907698437793579	1.5915362778696855	0.24058939496546983	0.7260436414793632	0.4058354104099681	-3.459385718156381	0.8121642340421804	1.358568758770096	1.621580423111615	0.5582083464643439	-0.04477821810232485	1.1097418595592456	1.1360513946845228	0.3057872638043695	0.7927459369123431	-0.001890057918236307
-0.14173233890581838	3.306223138602558	-0.16742968504879796	0.3487296813600655	2.530624295886464	-0.20138429365595373	-0.2867540991295924	2.0476940127332295	-1.492438735121502	-0.5225689731158331	-0.9892088197792188	-0.27309338738114897	-0.5620346602017822	1.9842713649771417	-1.6437000366000687	2.0059533395803006	0.39763923893103104	-1.8520521198980382	0.14729066120015355	-1.4738342919365515	1.6098924996138644	-1.7081712830026898	-1.6172805347765693	0.7907698437793579	0	4.700745809537489	2.664260324571177	0.47240307079748955	-1.7591003560985845	-0.3852365557156344	0.8685925097405013	0.8361801565354149	-1.5329393089672512	2.7880309798648764	-0.5760177595544418	-1.143629800762681	0.6433929779296164	0.28216244754518666	-1.1623003226404283	-0.6182799966537438
1.530939779954587	2.4149636252740128	-0.30809178068214227	-0.42342703507687107	0.8384020201026035	-0.9365340521968335	-0.617925004202901	0.19766345348362882	-0.2678579829787635	0.35589363223116843	-0.013014019274047162	0.6280711902654521	0.4071827164048556	1.1560925105710487	-3.146504039141785	1.4928565548262507	-2.5129470341276647	-0.4642566048530153	0.3088560442812054	0.9142648855721981	1.4112937594051291	1.0858564334017538	2.052013554538456	1.5915362778696855	4.700745809537489	0	-0.4196998214002662	-0.021224594594399848	4.649141058117925	3.0423198110277223	1.9558175165460356	-0.6196094079985344	1.1015474902363027	-0.4929364467752464	-2.6201471113302044	0.2958596091492933	0.7314684573910794	-0.660936257915253	2.137918253560913	0.9924912098029757
-0.7320281833390154	-0.20201333964938817	0.9564318869938532	-0.28177354508506625	-2.186088862250305	0.12772841182091133	-1.2411188453282547	-0.1074810991771058	-2.677544525788517	0.43100081523216677	1.7232026015362978	-1.2269244400739387	-1.4962611137109523	0.2588009069748734	0.28526215758314233	-1.5314067335257775	-2.5110427516581884	-1.066367369926642	0.6587011981578484	1.8754219918250974	-1.7981259918904362	1.7833553876129355	1.3946721563547837	0.24058939496546983	2.664260324571177	-0.4196998214002662	0	1.8242366826097713	-0.6931375538421408	-1.3774061020974069	1.3676729397112024	-1.1712602545903215	-1.8467272231765532	1.637671391262482	1.2263492919120873	1.0511090511319532	0.3437988414080648	-2.0908368556080106	0.12433972201095717	-0.007640595323109456
-1.4315183001764136	0.5264201965714196	2.806706805415088	-0.4247846834768041	-0.021886827256211827	-1.8830439907661831	2.111349672206177	0.30021919531183605	1.6988927063201194	1.609575226798631	2.4992221525931138	-1.6308334199140422	1.1840374419263888	3.1177650309544847	1.400819466609016	0.4931546395474381	-3.319352853514653	1.327008089007259	0.17566315871133098	-0.34924858902173594	1.2981896648003834	0.5872997302887802	1.076055683390309	0.7260436414793632	0.47240307079748955	-0.021224594594399848	1.8242366826097713	0	1.8578276442761394	-0.04666497206183262	0.2543620156596579	0.6993825016522203	0.9826070443113555	-0.732261967397129	-0.439549269070239	-0.8432818808148426	0.22525379127726436	0.6903703910119774	0.06344363453539664	0.13418514198833398
-2.5769116600779434	2.7064197060622566	0.30771070292067304	0.5217867070488604	1.357911112266335	-1.335043782359119	-1.014322845337591	-0.30447922005738337	-0.9126337515705469	-0.09176904030295852	1.75269984434247	0.018482850298727094	-1.4998765839544126	1.7408091622834014	-0.9754296479909921	1.199821727615113	-1.233748691948359	-1.9569690459579157	-1.1701611964837864	0.10952434066459238	0.0622249686410247	1.6268495141597494	1.5577179690514753	0.4058354104099681	-1.7591003560985845	4.649141058117925	-0.6931375538421408	1.8578276442761394	0	-0.2976867397789816	0.8541229606673493	-1.1514840960072705	0.4923939262215389	1.3198166350055391	1.9275773104742233	0.7593363552360881	-0.20718642335820803	-1.1364696144958846	-0.22304042994627588	-1.3468933567181023
2.4544810957629632	-0.3225187959183903	-0.7792810253262072	1.9258065524695402	-2.0755194466320104	0.28627095270666425	1.160108874214154	1.4279881688607614	0.7724002327367674	0.5202287473098657	-0.7435688176302225	-2.551812530434443	-2.24573173108168	1.799449584033977	0.3842148205966124	-1.310464994151406	1.342174406844827	-2.836418006957745	0.8072251594226848	1.0519858619801008	-1.2275112642065782	1.2749132938378294	1.1223310405576	-3.459385718156381	-0.3852365557156344	3.0423198110277223	-1.3774061020974069	-0.04666497206183262	-0.2976867397789816	0	1.3049233522061574	-0.046098057531053394	-0.956313615777553	-1.065595681807217	-1.015786932838781	0.4225238652703638	0.9612349328884375	-0.8426999845930021	1.0517028583428751	0.015257931548393274
0.9309640239599705	-1.8842906885614719	-0.9332820283716123	0.9515591060936626	-1.7675339153483764	-1.6165134698739214	0.8868304217579042	-0.9601089585586173	-0.0029820277336951584	1.6803890337637029	-0.46992206866864294	-0.14114366948058832	1.5952982836109837	0.07269663311821889	0.021476831660111412	0.9499729935364607	-0.46133884313773754	0.5594911465615263	-1.1968969459333985	0.1087660626890962	-0.7711430960546357	1.5870856544346559	0.06784933201713572	0.8121642340421804	0.8685925097405013	1.9558175165460356	1.3676729397112024	0.2543620156596579	0.8541229606673493	1.3049233522061574	0	1.0660932310196045	-1.8805790436588254	3.891716614143313	-0.6156489228835146	1.6355190311736627	1.0775831511405507	-1.4824936518649658	-0.2717346014105668	0.6170664639010903
1.6076419214480115	0.7646451226660816	-0.46915170099049075	1.0959317603720293	-0.28378218806719624	-0.06362286732775019	-1.7099010030707713	-0.7670202497080782	0.06729044348212243	-1.0345287618270658	0.4006491351428029	0.7936228337573819	-0.22424028707547136	0.5575915709976893	-1.5482016384805513	2.055195485594578	-0.8865911183863415	-0.5906027532613549	0.8617132379481088	-0.7130501327593319	-2.3624999775153723	1.1623156631794482	-0.4366636704055754	1.358568758770096	0.8361801565354149	-0.6196094079985344	-1.1712602545903215	0.6993825016522203	-1.1514840960072705	-0.046098057531053394	1.0660932310196045	0	-2.7165807624856373	1.095777148483224	1.085526986238324	-0.016470691593446607	0.2359629561126126	-1.3868119267260406	1.6875221447243403	0.7347710869833912
1.0923417419739172	-0.010042935876478865	2.2266059453426226	0.6559404107243824	-1.8006300504786772	3.286085026103615	-1.058040072780774	0.4617702337629692	-0.5743774210954022	-0.5794711929102611	0.42798749891589283	1.0230823536445852	1.831855775133328	-1.7045260734003547	-1.1852772133703104	-0.5912516202593963	3.475031152780673	0.35220640353997673	-0.3692536594466519	-1.6889124830950732	-0.818119887214765	-0.7790640691358816	-0.09164859129881509	1.621580423111615	-1.5329393089672512	1.1015474902363027	-1.8467272231765532	0.9826070443113555	0.4923939262215389	-0.956313615777553	-1.8805790436588254	-2.7165807624856373	0	1.8875218701817076	0.759072034112378	-3.3040898448355893	0.2961153749092019	-1.2264385438043326	-0.6723939551400214	0.2764599708965907
-0.17454731626525546	2.7700239044164743	2.9599734859231397	1.6703884917064715	2.4124537664441132	2.8739674204476264	-0.31555693126114687	-0.009638272745354448	-2.179789006776903	0.3381505863684134	0.03663394730545778	-0.6996976511176446	-2.0075979531791295	2.3612097931979297	1.5543620419025839	-0.6315052481292731	1.653181805325881	-1.3006813778921944	0.015958922566378098	-1.1250814284267177	-0.8275600551030087	0.18377888646145157	0.420379694336055	0.5582083464643439	2.7880309798648764	-0.4929364467752464	1.637671391262482	-0.732261967397129	1.3198166350055391	-1.065595681807217	3.891716614143313	1.095777148483224	1.8875218701817076	0	-0.022360930558018743	-0.5761420877857797	1.1761168317183377	-0.5512822582427968	0.1347529181440913	-1.3295428033637906
2.165490611578159	1.8841791387687876	-1.373053509632362	0.7252632222457817	0.8466243443361224	0.8324951440769561	-0.7397932998253696	-0.05076633060485361	-1.6271857153156168	0.14751159556570181	0.9795990646723816	0.5735419034062995	3.6139870963537293	1.1785623909941172	-2.283186412250784	-0.5612130360126771	0.9456813865095518	-3.7339995946113627	0.2767298141377771	-1.7660652935276606	-3.967346792993173	2.2246435743493675	0.8585477232215182	-0.04477821810232485	-0.5760177595544418	-2.6201471113302044	1.2263492919120873	-0.439549269070239	1.9275773104742233	-1.015786932838781	-0.6156489228835146	1.085526986238324	0.759072034112378	-0.022360930558018743	0	-0.637108755287571	-0.6787858443580149	1.679720577494082	0.596430586583214	-1.091611221180591
-0.6740637344724419	-0.5152674435631516	1.2619583146140627	2.3876074693806184	0.5037777842952522	-0.8722729859069829	-0.10846592266485611	-2.4863494703141598	0.9487050343993376	0.2511762207574217	2.8872629802073915	0.8869174203190229	0.035022665176223544	1.5561902313783131	-3.178469968235379	-3.366968414749311	-1.0039976999966376	1.3630896620564874	0.8327957123257632	0.04856900639186512	-1.5873607034728305	0.7385986237864035	1.143296003875037	1.1097418595592456	-1.143629800762681	0.2958596091492933	1.0511090511319532	-0.8432818808148426	0.7593363552360881	0.4225238652703638	1.6355190311736627	-0.016470691593446607	-3.3040898448355893	-0.5761420877857797	-0.637108755287571	0	-0.7704340730364425	-1.2830653656367177	3.556107024882903	0.9628823648501199
-0.7328807519756766	1.1435014425354781	1.2081644639285043	-2.144037287787379	-2.4558536397094937	0.3090003160252125	-1.2056991160284745	0.24217705488305916	1.598344033039092	-1.5159585618910743	-0.8272726722918473	2.272749297729257	1.8733150512029801	1.501602754091558	1.2167488217013886	1.4947557251406396	-0.9085516408142749	-0.22944657543646763	1.8858284691358183	1.325179930616903	-2.687583438874402	0.7456384535215451	1.0964680181565993	1.1360513946845228	0.6433929779296164	0.7314684573910794	0.3437988414080648	0.22525379127726436	-0.20718642335820803	0.9612349328884375	1.0775831511405507	0.2359629561126126	0.2961153749092019	1.1761168317183377	-0.6787858443580149	-0.7704340730364425	0	-0.7789594059691747	-0.36793946832698415	0.26849432185837346
1.133606595996149	-1.019951448707477	0.37455324263376233	-1.199313125900626	0.14056792018557296	-2.024717448077822	-1.2628535676905033	-0.005951774394100662	-1.1271741968281122	0.8207823402715023	2.9540985266262183	0.3713353123369365	-0.20457534232243757	-0.05046308729817927	1.0630553127194444	0.09079332965622679	-0.8994949840133224	-1.7590008355363007	0.1665807144964238	-0.8046084606528274	2.132707662231247	0.8750373285447	1.24391771960056	0.3057872638043695	0.28216244754518666	-0.660936257915253	-2.0908368556080106	0.6903703910119774	-1.1364696144958846	-0.8426999845930021	-1.4824936518649658	-1.3868119267260406	-1.2264385438043326	-0.5512822582427968	1.679720577494082	-1.2830653656367177	-0.7789594059691747	0	2.122253942010609	-0.4767499383243918
-1.0799460276022543	0.17645643072777983	0.39526806323704045	0.047214729375253395	-1.3340067831963547	2.3420595078973543	-0.8695560458737683	0.26046682180781666	0.9489291926542822	-0.9410614436734008	0.4641134538227266	-0.659988780168608	-1.481489403789993	1.1384350375326608	1.8389369803306908	1.3918681491443827	-1.613301267474425	2.0124720905026536	0.6373040818674138	0.5254546418073633	-1.2432417618204128	2.239465931793928	3.0716317968396076	0.7927459369123431	-1.1623003226404283	2.137918253560913	0.12433972201095717	0.06344363453539664	-0.22304042994627588	1.0517028583428751	-0.2717346014105668	1.6875221447243403	-0.6723939551400214	0.1347529181440913	0.596430586583214	3.556107024882903	-0.36793946832698415	2.122253942010609	0	2.7443936139444283
-2.682177490608437	0.42929365122080515	-1.278163728009122	-2.500725626612354	0.019659594667359226	-0.7604841615269551	0.7888267107146719	2.1283266771291656	3.029297856199815	-0.6244068222946777	-0.21130983479723087	-2.0821708404983132	2.0472784073133634	-2.306782070148511	0.9746504364194866	-0.2557150788256943	0.0803580651646778	0.011493110529133377	-0.4208589647037715	1.7536299893258689	-1.2776996198190698	1.4227142353046145	-1.3273319143823248	-0.001890057918236307	-0.6182799966537438	0.9924912098029757	-0.007640595323109456	0.13418514198833398	-1.3468933567181023	0.015257931548393274	0.6170664639010903	0.7347710869833912	0.2764599708965907	-1.3295428033637906	-1.091611221180591	0.9628823648501199	0.26849432185837346	-0.4767499383243918	2.7443936139444283	0